% atome positions
A=[      1     1      -1.181  -5.219   0.523  1.00  0.00
      2     1      -1.527  -4.219   1.449  1.00  0.00
      3     1      -2.926  -4.225   1.593  1.00  0.00
      4     1      -2.507  -6.252  -1.261  1.00  0.00
      5     1      -1.457  -6.035  -2.171  1.00  0.00
      6     1      -0.257  -5.406  -1.736  1.00  0.00
      7     1      -0.120  -4.999  -0.398  1.00  0.00
      8     1      -0.814  -2.989   1.466  1.00  0.00
      9     1       0.236  -2.771   0.556  1.00  0.00
     10     1       0.585  -3.781  -0.381  1.00  0.00
     11     1      -3.628  -2.998   1.754  1.00  0.00
     12     1      -2.924  -1.781   1.770  1.00  0.00
     13     1      -3.721  -6.043  -1.939  1.00  0.00
     14     1      -5.365  -3.801   0.228  1.00  0.00
     15     1      -4.842  -2.788   1.077  1.00  0.00
     16     1      -2.023  -5.695  -3.413  1.00  0.00
     17     1      -3.423  -5.698  -3.270  1.00  0.00
     18     1       0.883  -3.436  -1.711  1.00  0.00
     19     1       0.365  -4.440  -2.548  1.00  0.00
     20     1      -5.934  -3.460  -1.012  1.00  0.00
     21     1      -5.589  -4.461  -1.939  1.00  0.00
     22     1      -3.703  -0.820   1.102  1.00  0.00
     23     1      -4.888  -1.443   0.671  1.00  0.00
     24     1      -0.210  -4.093  -3.802  1.00  0.00
     25     1      -1.395  -4.716  -4.232  1.00  0.00
     26     1      -5.286  -4.112  -3.283  1.00  0.00
     27     1      -4.210  -4.726  -3.945  1.00  0.00
     28     1      -5.463  -1.096  -0.582  1.00  0.00
     29     1      -5.981  -2.100  -1.420  1.00  0.00
     30     1      -1.675   0.162   0.139  1.00  0.00
     31     1      -3.075   0.159   0.282  1.00  0.00
     32     1       0.491  -1.075  -1.192  1.00  0.00
     33     1       0.837  -2.076  -2.118  1.00  0.00
     34     1      -2.174  -3.755  -4.901  1.00  0.00
     35     1      -3.589  -3.759  -4.756  1.00  0.00
     36     1      -0.286  -0.114  -1.861  1.00  0.00
     37     1      -1.377   0.507  -1.192  1.00  0.00
     38     1      -3.642   0.499  -0.960  1.00  0.00
     39     1      -4.841  -0.131  -1.395  1.00  0.00
     40     1      -5.683  -1.755  -2.749  1.00  0.00
     41     1      -5.333  -2.765  -3.686  1.00  0.00
     42     1      -4.978  -0.537  -2.733  1.00  0.00
     43     1      -2.591   0.716  -1.870  1.00  0.00
     44     1      -4.812  -5.422  -1.269  1.00  0.00
     45     1      -4.674  -5.016   0.070  1.00  0.00
     46     1      -3.445  -5.228   0.756  1.00  0.00
     47     1      -2.367  -5.842   0.094  1.00  0.00
     48     1      -1.509  -1.777   1.625  1.00  0.00
     49     1      -0.888  -0.811   0.814  1.00  0.00
     50     1       0.189  -1.425   0.152  1.00  0.00
     51     1      -4.284  -2.547  -4.596  1.00  0.00
     52     1      -3.917  -0.317  -3.654  1.00  0.00
     53     1      -3.571  -1.317  -4.580  1.00  0.00
     54     1      -1.470  -2.538  -4.884  1.00  0.00
     55     1      -0.256  -2.748  -4.207  1.00  0.00
     56     1      -2.172  -1.312  -4.724  1.00  0.00
     57     1       0.268  -1.735  -3.358  1.00  0.00
     58     1      -0.424  -0.520  -3.201  1.00  0.00
     59     1      -2.731   0.306  -3.225  1.00  0.00
     60     1      -1.652  -0.308  -3.886  1.00  0.00];


%conectivity
C=[  1    2                                                             
  2    1                                                                
  1    7                                                                
  7    1                                                                
  1   47                                                                
 47    1                                                                
  2    3                                                                
  3    2                                                                
  2    8                                                                
  8    2                                                                
  3   11                                                                
 11    3                                                                
  3   46                                                                
 46    3                                                                
  4    5                                                                
  5    4                                                                
  4   13                                                                
 13    4                                                                
  4   47                                                                
 47    4                                                                
  5    6                                                                
  6    5                                                                
  5   16                                                                
 16    5                                                                
  6    7                                                                
  7    6                                                                
  6   19                                                                
 19    6                                                                
  7   10                                                                
 10    7                                                                
  8    9                                                                
  9    8                                                                
  8   48                                                                
 48    8                                                                
  9   10                                                                
 10    9                                                                
  9   50                                                                
 50    9                                                                
 10   18                                                                
 18   10                                                                
 11   12                                                                
 12   11                                                                
 11   15                                                                
 15   11                                                                
 12   22                                                                
 22   12                                                                
 12   48                                                                
 48   12                                                                
 13   17                                                                
 17   13                                                                
 13   44                                                                
 44   13                                                                
 14   15                                                                
 15   14                                                                
 14   20                                                                
 20   14                                                                
 14   45                                                                
 45   14                                                                
 15   23                                                                
 23   15                                                                
 16   17                                                                
 17   16                                                                
 16   25                                                                
 25   16                                                                
